 1   315592956.525189
 2   13926029092.984840
 3   63016611382.859047
 4   171119884420.547699
 5   361869799278.792603
 6   658908861024.424805
 7   1085889579382.680786
 8   1666464463884.144775
 9   2424286024009.681641
 10   3383006769214.913086
 11   4566279208970.494141
 12   5997755852746.163086
 13   7701089210011.628906
 14   9699931790236.589844
 15   12017936102890.720703
 16   14678754657443.753906
 17   17706039963365.390625
 18   21123444530125.300781
 19   24954620867193.199219
 20   29223221484038.761719
 21   33952898890131.750000
 22   39167305594941.851562
 23   44890094107938.679688
 24   51144916938592.023438
 25   57955426596371.570312
 26   65345275590747.062500
 27   73338116431188.078125
 28   81957601627164.406250
 29   91227383688145.703125
 30   101171115123601.687500
 31   111812448443001.937500
 32   123175036155816.187500
 33   135282530771514.281250
 34   148158584799566.187500
 35   161826850749441.031250
 36   176310981130608.968750
 37   191634628452539.375000
 38   207821445224701.656250
 39   224895083956566.375000
 40   242879197157603.062500
 41   261797437337280.687500
 42   281673457005069.625000
 43   302530908670439.312500
 44   324393444842859.000000
 45   347284718031799.562500
 46   371228380746729.562500
 47   396248085497119.625000
 48   422367484792438.750000
 49   449610231142157.437500
 50   477999977055744.625000
 51   507560375042669.812500
 52   538315077612403.312500
 53   570287737274414.625000
 54   603502006538173.000000
 55   637981537913148.375000
 56   673749983908810.000000
 57   710830997034629.875000
 58   749248229800075.125000
 59   789025334714617.250000
 60   830185964287723.875000
 61   872753771028866.125000
 62   916752407447513.375000
 63   962205526053136.750000
 64   1009136779355204.625000
 65   1057569819863186.500000
 66   1107528300086551.250000
 67   1159035872534769.250000
 68   1212116189717311.500000
 69   1266792904143643.750000
 70   1323089668323242.250000
 71   1381030134765570.750000
 72   1440637955980101.500000
 73   1501936784476303.250000
 74   1564950272763648.000000
 75   1629702073351603.500000
 76   1696215838749638.750000
 77   1764515221467225.750000
 78   1834623874013832.250000
 79   1906565448898930.250000
 80   1980363598631989.000000
 81   2056041975722476.000000
 82   2133624232679864.500000
 83   2213134022013620.250000
 84   2294594996233215.000000
 85   2378030807848116.000000
 86   2463465109367793.500000
 87   2550921553301724.500000
 88   2640423792159370.500000
 89   2731995478450202.000000
 90   2825660264683688.500000
 91   2921441803369306.000000
 92   3019363747016513.500000
 93   3119449748134786.000000
 94   3221723459233599.000000
 95   3326208532822413.000000
 96   3432928621410708.000000
 97   3541907377507944.500000
 98   3653168453623601.000000
 99   3766735502267131.000000
 100   3882632175948018.500000
