 1 297.245643 
 2 297.245643 
 3 297.245643 
 4 297.245643 
 5 297.245643 
 6 297.245643 
 7 297.245643 
 8 297.245643 
 9 297.245643 
 10 297.245643 
 11 297.245643 
 12 297.245643 
 13 297.245643 
 14 297.245643 
 15 297.245643 
 16 297.245643 
 17 297.245643 
 18 297.245643 
 19 297.245643 
 20 297.245643 
 21 297.245643 
 22 297.245643 
 23 297.245643 
 24 297.245643 
 25 297.245643 
 26 297.245643 
 27 297.245643 
 28 297.245643 
 29 297.245643 
 30 297.245643 
 31 297.245643 
 32 297.245643 
 33 297.245643 
 34 297.245643 
 35 297.245643 
 36 297.245643 
 37 297.245643 
 38 297.245643 
 39 297.245643 
 40 297.245643 
 41 297.245643 
 42 297.245643 
 43 297.245643 
 44 297.245643 
 45 297.245643 
 46 297.245643 
 47 297.245643 
 48 297.245643 
 49 297.245643 
 50 297.245643 
 51 297.245643 
 52 297.245643 
 53 297.245643 
 54 297.245643 
 55 297.245643 
 56 297.245643 
 57 297.245643 
 58 297.245643 
 59 297.245643 
 60 297.245643 
 61 297.245643 
 62 297.245643 
 63 297.245643 
 64 297.245643 
 65 297.245643 
 66 297.245643 
 67 297.245643 
 68 297.245643 
 69 297.245643 
 70 297.245643 
 71 297.245643 
 72 297.245643 
 73 297.245643 
 74 297.245643 
 75 297.245643 
 76 297.245643 
 77 297.245643 
 78 297.245643 
 79 297.245643 
 80 297.245643 
 81 297.245643 
 82 297.245643 
 83 297.245643 
 84 297.245643 
 85 297.245643 
 86 297.245643 
 87 297.245643 
 88 297.245643 
 89 297.245643 
 90 297.245643 
 91 297.245643 
 92 297.245643 
 93 297.245643 
 94 297.245643 
 95 297.245643 
 96 297.245643 
 97 297.245643 
 98 297.245643 
 99 297.245643 
 100 297.245643 
