 1   4.155385
 2   8.381050
 3   12.825374
 4   17.837894
 5   24.098479
 6   32.673259
 7   45.124818
 8   63.581548
 9   90.847801
 10   130.522609
 11   186.975631
 12   265.371139
 13   371.828801
 14   513.492436
 15   698.670953
 16   937.042012
 17   1239.699354
 18   1619.258584
 19   2090.039193
 20   2668.142718
 21   3371.693355
 22   4220.783014
 23   5237.516451
 24   6445.959698
 25   7872.373474
 26   9545.364125
 27   11496.041733
 28   13758.134113
 29   16368.118772
 30   19365.399105
 31   22792.344916
 32   26694.417861
 33   31120.292003
 34   36121.974494
 35   41754.918161
 36   48077.804120
 37   55153.020159
 38   63046.776597
 39   71829.193122
 40   81574.428029
 41   92360.807994
 42   104270.941688
 43   117391.807407
 44   131814.942894
 45   147636.559880
 46   164957.606400
 47   183883.984942
 48   204526.715153
 49   227002.161074
 50   251432.154651
 51   277944.396914
 52   306672.365846
 53   337755.485240
 54   371339.299182
 55   407575.655679
 56   446622.929651
 57   488646.297771
 58   533817.835810
 59   582316.219438
 60   634327.309043
 61   690044.485524
 62   749668.847463
 63   813408.007376
 64   881477.496772
 65   954101.297904
 66   1031512.168380
 67   1113951.986498
 68   1201672.126464
 69   1294933.858245
 70   1394008.778815
 71   1499179.277660
 72   1610739.041002
 73   1728993.596584
 74   1854260.920076
 75   1986872.049135
 76   2127171.772495
 77   2275519.377240
 78   2432289.459551
 79   2597872.804597
 80   2772677.341593
 81   2957129.184699
 82   3151673.248487
 83   3356774.822406
 84   3572920.993201
 85   3800622.078449
 86   4040413.178129
 87   4292855.851518
 88   4558539.926248
 89   4838085.445543
 90   5132144.764180
 91   5441404.791474
 92   5766589.380571
 93   6108461.856942
 94   6467827.755113
 95   6845537.687616
 96   7242490.366623
 97   7659635.773619
 98   8097978.477041
 99   8558581.131388
 100   9042568.280617
